  49  6
  17
*
* Model A from S. Drake  
*
* Data Source: computer print out of atmosphere
* 
* Data taken only when radial scale changes in last figure
* based on point 1 
* rho = 1.673d-24*sig*(1.75e+3+1.98e+03) = 8.30d-21
* sig = 1.330 -> n(He) = 0.083
* mloss = 2.0d-10
*
* Drake, S.A., 1985, in Progress in Stellar Line Formation
*   Theory, (eds) Beckman, L. Crivellari, Reidel Publishing
*   Company, p. 351-357
* Vmic has max = 5.0 kms-1 
*
* indx    radius (cm) Te(K)   nHI       ne        nHII
  4250.0   26.72     20.95  1.33   2.0e-10
  1   1.86e+14    4870.0   1.75e+03  1.98e+03  1.98e+03
  2   1.85e+14    4870.0   1.75e+03  1.99e+03  1.99e+03
 10   1.84e+14    4870.0   1.77e+03  2.01e+03  2.00e+03
 14   1.83e+14    4870.0   1.80e+03  2.04e+03  2.04e+03
 16   1.81e+14    4870.0   1.83e+03  2.07e+03  2.07e+03
 18   1.79e+14    4870.0   1.88e+03  2.12e+03  2.12e+03
 20   1.76e+14    4870.0   1.95e+03  2.21e+03  2.20e+03
 22   1.71e+14    4870.0   2.06e+03  2.33e+03  2.33e+03
 24   1.65e+14    4870.0   2.26e+03  2.55e+03  2.55e+03
 26   1.53e+14    4870.0   2.59e+03  2.92e+03  2.92e+03
 28   1.38e+14    4870.0   3.17e+03  3.56e+03  3.56e+03
 30   1.20e+14    4870.0   4.23e+03  4.73e+03  4.72e+03
 32   9.87e+13    4870.0   6.25e+03  6.95e+03  6.94e+03
 34   7.70e+13    6060.0   9.78e+03  1.19e+04  1.19e+04
 36   6.04e+13    6980.0   1.54e+04  1.99e+04  1.99e+04
 38   4.87e+13    7310.0   2.35e+04  3.09e+04  3.09e+04
 40   3.84e+13    7460.0   3.76e+04  4.94e+04  4.95e+04
 42   3.00e+13    7590.0   6.18e+04  8.16e+04  8.15e+04
 44   2.31e+13    7650.0   1.05e+05  1.38e+05  1.37e+05
 46   1.73e+13    7680.0   1.82e+05  2.37e+05  2.37e+05
 48   1.32e+13    7710.0   3.20e+05  4.15e+05  4.15e+05
 50   9.93e+12    7730.0   5.72e+05  7.36e+05  7.36e+05
 52   7.42e+12    7760.0   1.03e+06  1.31e+06  1.31e+06
 54   5.51e+12    7780.0   1.86e+06  2.38e+06  2.38e+06
 56   4.10e+12    7820.0   3.36e+06  4.32e+06  4.32e+06
 58   3.03e+12    7880.0   6.03e+06  7.96e+06  7.95e+06
 60   2.41e+12    7940.0   3.07e+07  2.32e+07  2.32e+07
 62   2.22e+12    7990.0   1.73e+08  6.02e+07  6.01e+07
 64   2.13e+12    7970.0   3.14e+08  8.55e+07  8.52e+07
 66   2.06e+12    6710.0   6.45e+08  1.18e+08  1.18e+08
 68   2.02e+12    4640.0   1.98e+09  1.74e+08  1.74e+08
 70   2.00e+12    3950.0   7.56e+09  3.06e+08  3.06e+08
 72   1.99e+12    3660.0   1.03e+10  3.42e+08  3.42e+08
 74   1.98e+12    3480.0   1.57e+10  4.05e+08  4.04e+08
 76   1.97e+12    3310.0   3.24e+10  5.59e+08  5.58e+08
 80   1.96e+12    3160.0   1.02e+11  9.37e+08  9.35e+08
 82   1.95e+12    3090.0   1.56e+11  1.13e+09  1.13e+09
 84   1.94e+12    3040.0   2.24e+11  1.34e+09  1.33e+09
 86   1.93e+12    3000.0   3.87e+11  1.72e+09  1.71e+09
 88   1.92e+12    2970.0   6.06e+11  2.11e+09  2.10e+09
 90   1.91e+12    2950.0   1.23e+12  2.94e+09  2.92e+09
 92   1.90e+12    2950.0   1.87e+12  3.58e+09  3.56e+09
 98   1.89e+12    3000.0   1.02e+12  7.98e+09  7.88e+09
100   1.88e+12    3040.0   1.72e+13  1.03e+10  1.01e+10
104   1.87e+12    3110.0   5.64e+13  1.80e+10  1.76e+10
110   1.86e+12    3230.0   3.46e+14  4.29e+10  4.09e+10
116   1.85e+12    3350.0   1.87e+15  1.13e+11  1.04e+11
122   1.84e+12    3660.0   7.08e+15  2.26e+11  1.90e+11
127   1.83e+12    3840.0   1.54e+16  3.49e+11  2.55e+11  



